Accuracy: 83.72294372294373
Precision: 92.39918230812117%
Recall: 87.36601651730803%
Sensitivity: 87.36601651730803%
Specificity: 66.98950766747377%
FPR: 33.01049233252623%
FNR: 12.63398348269197%
F1-score: 89.81213872832369