Accuracy: 84.55581845558184
Precision: 92.70833333333334%
Recall: 87.76652452025586%
Sensitivity: 87.76652452025586%
Specificity: 71.12597547380156%
FPR: 28.87402452619844%
FNR: 12.233475479744136%
F1-score: 90.16976998904711